,customer_id,churn_probability,churn_prediction
0,4531-AUZNK,0.18607277321397034,0
1,2296-DKZFP,0.02434033466075471,0
2,9692-TUSXH,0.5806559256705085,1
3,5129-JLPIS,0.55383964047348,1
4,1273-MTETI,0.6007808793549123,1
5,8757-TFHHJ,0.25632964394946717,0
6,1322-AGOQM,0.2905862309829684,0
7,0743-HRVFF,0.13061381100311495,0
8,0943-ZQPXH,0.41474833961818053,0
9,3932-CMDTD,0.2323086053338895,0
10,6892-BOGQE,0.015236750552621981,0
11,0224-HJAPT,0.40571875342792313,0
12,2439-LYPMQ,0.5621098709205562,1
13,7924-GJZFI,0.6535714950242967,1
14,0823-HSCDJ,0.4001552227568843,0
15,4826-TZEVA,0.47960631517802826,0
16,5151-HQRDG,0.2942434824863942,0
17,6734-GMPVK,0.5544110129596865,1
18,3951-NJCVI,0.5834687866537077,1
19,0733-VUNUW,0.23403616245915984,0
20,3571-DPYUH,0.15167726593724443,0
21,9824-QCJPK,0.05038416966230446,0
22,7876-DNYAP,0.01625303244192642,0
23,3890-RTCMS,0.30786701394494215,0
24,7594-RQHXR,0.6261363741204162,1
25,3229-USWAR,0.05333147118728284,0
26,5995-LFTLE,0.015266871821411761,0
27,1456-TWCGB,0.30836001073688507,0
28,1552-TKMXS,0.14410316063206716,0
29,3276-HDUEG,0.5415205618138672,1
30,0302-JOIVN,0.5662323718511247,1
31,2830-LEWOA,0.13849039229387566,0
32,5649-TJHOV,0.2760323059265749,0
33,5886-VLQVU,0.4234748399946316,0
34,1395-WSWXR,0.02057079384176919,0
35,6518-LGAOV,0.5552678016527912,1
36,4514-GFCFI,0.6120952103437648,1
37,1635-FJFCC,0.2692075936768488,0
38,7611-YKYTC,0.4658494784123341,0
39,5829-NVSQN,0.06026098119203905,0
40,0394-YONDK,0.015292969003427123,0
41,0991-BRRFB,0.39946155689571444,0
42,5980-BDHPY,0.020289721850141905,0
43,8249-THVEC,0.050717148745662695,0
44,5039-LZRQT,0.05027363739144006,0
45,9115-YQHGA,0.3947554487842045,0
46,8174-LNWMW,0.01605091245231329,0
47,5038-ETMLM,0.05158547838754907,0
48,6815-ABQFQ,0.22902551620817516,0
49,8086-OVPWV,0.6245108985466737,1
50,5451-MHQOF,0.047978455420067,0
51,1991-VOPLL,0.18010854910404528,0
52,6725-TPKJO,0.0207345044819459,0
53,8879-ZKJOF,0.05338987946379971,0
54,3597-YASZG,0.0570453116516922,0
55,2969-WGHQO,0.11412013092703166,0
56,8006-PYCSW,0.17832263821965907,0
57,3347-YJZZE,0.19536944093964395,0
58,1696-MZVAU,0.1005573889580698,0
59,5931-FLJJF,0.5556934856487379,1
60,3440-JPSCL,0.4696743142780136,0
61,7923-IYJWY,0.05280004409174774,0
62,8718-PTMEZ,0.4512728868426786,0
63,0067-DKWBL,0.3998777082054517,0
64,6625-IUTTT,0.02588259958544295,0
65,8637-XJIVR,0.6278940974053943,1
66,2509-TFPJU,0.015188843060821699,0
67,0464-WJTKO,0.01537617261337204,0
68,8292-FRFZQ,0.08107871332055534,0
69,6844-DZKRF,0.2554489643963688,0
70,3249-ZPQRG,0.6292438970916081,1
71,7580-UGXNC,0.294723953093399,0
72,3050-RLLXC,0.022829296532455086,0
73,0581-BXBUB,0.6444848147170423,1
74,8552-OBVRU,0.5566950504473254,1
75,2388-LAESQ,0.05091083425595603,0
76,4488-PSYCG,0.13784007876284105,0
77,9436-ZBZCT,0.597726381021763,1
78,2074-GKOWZ,0.42432197098949903,0
79,9753-OYLBX,0.17764594796117014,0
80,3055-MJDSB,0.37220452425776096,0
81,5781-RFZRP,0.024916232964126563,0
82,9761-XUJWD,0.21404544032981368,0
83,0118-JPNOY,0.44798574711677464,0
84,8874-EJNSR,0.01955927132981773,0
85,2867-UIMSS,0.6236971047615357,1
86,9975-GPKZU,0.01626227895214235,0
87,6100-QQHEB,0.5904768329497605,1
88,2896-TBNBE,0.28741298428202916,0
89,7359-WWYJV,0.053762401764024956,0
90,6646-JPPHA,0.6281642177310265,1
91,5550-VFRLC,0.6521301734617624,1
92,2202-CUYXZ,0.6118206303169186,1
93,8035-PWSEV,0.599671046158511,1
94,3703-KBKZP,0.46743230523622586,0
95,5599-HVLTW,0.45049352020408195,0
96,5382-TEMLV,0.24402542717507916,0
97,6339-TBELP,0.07285906455044436,0
98,7207-RMRDB,0.55383964047348,1
99,2469-DTSGX,0.10131083996260642,0
100,3704-IEAXF,0.03114445373490177,0
101,6368-TZZDT,0.016308589160472436,0
102,7129-AZJDE,0.16906445557685187,0
103,6407-GSJNL,0.014549806567866922,0
104,9150-HEPMB,0.09470678641319971,0
105,1506-YJTYT,0.02481809746666098,0
106,7134-HBPBS,0.05481705682592782,0
107,3635-QQRQD,0.016206877394421386,0
108,6549-NNDYT,0.28927696934969643,0
109,9796-BPKIW,0.4936154163540805,0
110,8069-YQQAJ,0.35481739682265856,0
111,8242-SOQUO,0.6122324736781001,1
112,3308-DGHKL,0.015516850336844032,0
113,8740-CRYFY,0.6278940974053943,1
114,8109-YUOHE,0.09138938953669212,0
115,3976-NLDEZ,0.17747709028020262,0
116,6248-BSHKG,0.05016333479591393,0
117,3970-XGJDU,0.016364332626025817,0
118,0634-SZPQA,0.4229103355022756,0
119,2589-AYCRP,0.03778416866866864,0
120,3800-LYTRK,0.09177417877572466,0
121,6563-VRERX,0.050053261454639175,0
122,9938-ZREHM,0.07714435512056332,0
123,2220-IAHLS,0.14546330155097145,0
124,8979-CAMGB,0.23970952727613204,0
125,0270-THENM,0.024658124875758556,0
126,9611-CTWIH,0.5991157450080368,1
127,8885-QSQBX,0.24691660343963376,0
128,9030-QGZNL,0.02054751014483134,0
129,2810-FTLEM,0.3973829879754422,0
130,6350-XFYGW,0.584311595030055,1
131,6993-YGFJV,0.05221132097675302,0
132,4097-YODCF,0.23614540980768783,0
133,0376-OIWME,0.5875377543568573,1
134,5022-JNQEQ,0.6362299594690476,1
135,5515-AKOAJ,0.569211953453566,1
136,6956-SMUCM,0.41061021344689336,0
137,5103-MHMHY,0.3165570128983894,0
138,9391-DXGGG,0.16012050014283086,0
139,7519-JTWQH,0.0533968508337905,0
140,6131-FOYAS,0.37153174755233276,0
141,9681-OXGVC,0.5680774534704959,1
142,1977-STDKI,0.6438222008004097,1
143,7302-ZHMHP,0.1799378628293257,0
144,0661-XEYAN,0.36896804169837083,0
145,6007-TCTST,0.05038267136039557,0
146,1682-VCOIO,0.050135794984446355,0
147,2454-RPBRZ,0.5748733337638441,1
148,8710-YGLWG,0.31918955360607637,0
149,0742-LAFQK,0.11524943805326367,0
150,7064-JHXCE,0.016206877394421386,0
151,8242-JSVBO,0.25760254357106604,0
152,1471-GIQKQ,0.39793691443334694,0
153,6778-EICRF,0.07495084516111987,0
154,1360-XFJMR,0.1306810629677745,0
155,5702-KVQRD,0.04233640250607681,0
156,7602-MVRMB,0.05342608120331485,0
157,0236-HFWSV,0.588238109588363,1
158,0880-FVFWF,0.6075556558114148,1
159,9052-DHNKM,0.12368556512820725,0
160,6121-TNHBO,0.05157873062033091,0
161,4693-VWVBO,0.2460909072105228,0
162,1565-RHDJD,0.43992664225561623,0
163,0696-UKTOX,0.3863613587669597,0
164,8267-KFGYD,0.17671878829405216,0
165,2632-TACXW,0.01476691482585115,0
166,1744-JHKYS,0.23521046534928258,0
167,0578-SKVMF,0.6160685444881309,1
168,0670-KDOMA,0.17806864314936546,0
169,8065-BVEPF,0.39759833625451474,0
170,3301-VKTGC,0.15868974445227862,0
171,7660-HDPJV,0.6538332519219675,1
172,2843-CQMEG,0.30725138384702383,0
173,6870-ZWMNX,0.02419616259640675,0
174,1403-LKLIK,0.050328874791116536,0
175,2446-BEGGB,0.574449391575495,1
176,6164-HAQTX,0.029488276026992107,0
177,3387-VATUS,0.409425793892519,0
178,3407-JMJQQ,0.054280357079093636,0
179,3580-HYCSP,0.05351386292481787,0
180,5453-AXEPF,0.4500641975547513,0
181,4132-KALRO,0.4670830625778384,0
182,6506-EYCNH,0.13880480150151142,0
183,6400-BWQKW,0.6276238971753948,1
184,6916-HIJSE,0.020813387805398462,0
185,5186-PEIZU,0.13921998489034978,0
186,6048-NJXHX,0.03077745549040555,0
187,6134-KWTBV,0.014809030779700373,0
188,6289-CPNLD,0.07567557106448483,0
189,5312-UXESG,0.4005098814286413,0
190,2514-GINMM,0.6264070112229152,1
191,2580-ASVVY,0.0636085475330849,0
192,6416-JNVRK,0.07292788560079295,0
193,3739-YBWAB,0.11336144393205635,0
194,6917-YACBP,0.5982823162722486,1
195,8614-VGMMV,0.4002940040748735,0
196,5181-OABFK,0.028583216458959098,0
197,2977-CEBSX,0.020666248055663628,0
198,1624-NALOJ,0.5981433560947749,1
199,5495-GPSRW,0.020816837363227987,0
200,6303-KFWSL,0.13180007585727918,0
201,5624-BQSSA,0.17688707965705971,0
202,6681-ZSEXG,0.029166828407409078,0
203,9185-TQCVP,0.610996464775503,1
204,8272-ONJLV,0.25345496167686166,0
205,3398-ZOUAA,0.6540949157153615,1
206,9140-CZQZZ,0.02208724127853714,0
207,6418-PIQSP,0.02923409678858948,0
208,9637-EIHEQ,0.3955845489383642,0
209,9953-ZMKSM,0.0195481874459729,0
210,9830-ECLEN,0.09741758513027157,0
211,9058-CBREO,0.3051633787149571,0
212,5321-NTRKC,0.022024889291889182,0
213,4654-DLAMQ,0.14173139797612874,0
214,4673-KKSLS,0.6042423951360875,1
215,1031-IIDEO,0.6495024515019525,1
216,3512-IZIKN,0.027326602261347012,0
217,4439-JMPMT,0.6093462332053777,1
218,0027-KWYKW,0.614837070606558,1
219,4291-YZODP,0.05035651503947747,0
220,0212-ISBBF,0.39682932436076707,0
221,3014-WJKSM,0.4781635253354033,0
222,0411-EZJZE,0.36977851297049086,0
223,6698-OXETB,0.020652490368105087,0
224,0193-ESZXP,0.13629778401503834,0
225,6202-JVYEU,0.07354954805368469,0
226,1848-LBZHY,0.2453075578616345,0
227,8161-QYMTT,0.5861359829424907,1
228,0454-OKRCT,0.07382293146796591,0
229,1215-EXRMO,0.020617438751499486,0
230,0931-MHTEM,0.1438877640687051,0
231,5985-BEHZK,0.1369798154032423,0
232,9921-EZKBY,0.40816824420589076,0
233,4878-BUNFV,0.020582445374583872,0
234,4811-JBUVU,0.4362930101123833,0
235,5673-FSSMF,0.37004801919584257,0
236,4301-VVZKA,0.6374333689043136,1
237,4828-FAZPK,0.46476619361667665,0
238,6000-UKLWI,0.020711039402376105,0
239,7395-XWZOY,0.24503674343897364,0
240,6380-ARCEH,0.17815327666945252,0
241,3729-OWRVL,0.10268766795821578,0
242,2856-HYAPG,0.6552712472692186,1
243,7856-GANIL,0.13935704594541476,0
244,4459-BBGHE,0.41312765710253274,0
245,9661-JALZV,0.015371524334814523,0
246,7753-USQYQ,0.12040249120900536,0
247,1015-JPFYW,0.050689321114579244,0
248,7665-NKLAV,0.03601427765673407,0
249,9053-EJUNL,0.5998098315077077,1
250,5117-ZSMHQ,0.01965604224682964,0
251,0117-LFRMW,0.2675650595695015,0
252,9389-ACWBI,0.4936154163540805,0
253,6946-LMSQS,0.26827813779390036,0
254,1725-MIMXW,0.17942656164324247,0
255,3996-ZNWYK,0.01625303244192642,0
256,0899-WZRSD,0.4541561826817735,0
257,8815-LMFLX,0.13091464510735482,0
258,0699-NDKJM,0.22767180295344072,0
259,2424-WVHPL,0.639301915931957,1
260,6797-LNAQX,0.06099320750752168,0
261,2043-WVTQJ,0.2926851126158879,0
262,4057-FKCZK,0.07233479477756626,0
263,8512-WIWYV,0.039490495142590745,0
264,5135-GRQJV,0.06801926788614211,0
265,5597-GLBUC,0.6101716643269081,1
266,7997-EASSD,0.17287224144392557,0
267,4785-FCIFB,0.01973745335049878,0
268,1755-FZQEC,0.05043952205772166,0
269,5364-XYIRR,0.5845924218637879,1
270,7572-KPVKK,0.10959688032360103,0
271,5115-SQAAU,0.014442434799080727,0
272,6147-CBCRA,0.17840736625663886,0
273,3692-JHONH,0.2305603902973651,0
274,1088-CNNKB,0.056034711077839944,0
275,3810-DVDQQ,0.04939614174144512,0
276,7831-QGOXH,0.6108590420106708,1
277,3474-BAFSJ,0.02833593936715959,0
278,3842-IYKUE,0.44941590003379256,0
279,8519-QJGJD,0.6375669751268374,1
280,9747-DDZOS,0.47016780542888204,0
281,4106-HADHQ,0.056034711077839944,0
282,0017-IUDMW,0.052396704324666324,0
283,4763-PGDPO,0.6506860602784835,1
284,8751-EDEKA,0.4362930101123833,0
285,3104-OWCGK,0.26398741165845546,0
286,3148-BLQJT,0.17832263821965907,0
287,2815-CPTUL,0.5552652136662821,1
288,5073-WXOYN,0.3955845489383642,0
289,4760-THGOT,0.5861359829424907,1
290,2724-FJDYW,0.0700323577543145,0
291,7639-OPLNG,0.022174823994018572,0
292,3298-QEICA,0.0489750722067331,0
293,9362-MWODR,0.22609677187144492,0
294,7446-SFAOA,0.03774215226813663,0
295,4737-AQCPU,0.0253125696802086,0
296,9522-ZSINC,0.07351016279438455,0
297,3745-HRPHI,0.029257514387394247,0
298,2669-QVCRG,0.4608852905145593,0
299,0980-FEXWF,0.09706231945508874,0
300,6701-YVNQG,0.020984556086696155,0
301,1177-XZBJL,0.06334447912232909,0
302,7771-CFQRQ,0.026397706669367207,0
303,2252-JHJGE,0.23572851771626188,0
304,0661-KBKPA,0.07184498023970885,0
305,8851-RAGOV,0.2573343227188981,0
306,6979-TNDEU,0.17985256705254352,0
307,2072-ZVJJX,0.01450015298766496,0
308,1222-KJNZD,0.13763408676385697,0
309,9372-TXXPS,0.02759729899449169,0
310,5982-PSMKW,0.020421947295240658,0
311,2495-KZNFB,0.5957786369923748,1
312,0207-MDKNV,0.5549822416720565,1
313,1346-PJWTK,0.424246963735641,0
314,3758-CKOQL,0.13426883642514012,0
315,6959-GQEGV,0.32855995469044186,0
316,2604-IJPDU,0.5792475150100536,1
317,6174-NRBTZ,0.09050162902905312,0
318,6323-AYBRX,0.02089949019583649,0
319,0048-PIHNL,0.037490995063177324,0
320,7811-JIVPF,0.25655012446276787,0
321,7729-JTEEC,0.41312765710253274,0
322,5846-ABOBJ,0.014632935054801354,0
323,9221-OTIVJ,0.5556960731372215,1
324,2889-FPWRM,0.11491482082293623,0
325,7945-HLKEA,0.1197305951387047,0
326,9367-TCUYN,0.17832263821965907,0
327,2277-BKJKN,0.11519049920640802,0
328,7633-MVPUY,0.05441242104179778,0
329,4315-MURBD,0.39815236456243147,0
330,0734-OXWBT,0.2581085238701016,0
331,8714-EUHJO,0.5943855375776961,1
332,0818-OCPZO,0.6211155008579481,1
333,0021-IKXGC,0.6462050164175879,1
334,8383-SGHJU,0.12640541867893762,0
335,6347-DCUIK,0.5441031452802378,1
336,1976-CFOCS,0.4089288783172434,0
337,4854-CIDCF,0.6415652030452426,1
338,9127-QRZMH,0.06635933806911931,0
339,1196-AMORA,0.6422296824981452,1
340,6713-OKOMC,0.35839890885557524,0
341,9820-RMCQV,0.25909456388743,0
342,5902-WBLSE,0.016188451491682278,0
343,7563-BIUPC,0.6234256847062346,1
344,7683-CBDKJ,0.35587931403827455,0
345,6522-OIQSX,0.030694058812016898,0
346,0388-EOPEX,0.640101436101785,1
347,7921-BEPCI,0.02762834591665657,0
348,8859-DZTGQ,0.020664187198471712,0
349,3683-QKIUE,0.24423880012305402,0
350,2144-ESWKO,0.09061918622921468,0
351,5057-RKGLH,0.020664187198471712,0
352,2692-PFYTJ,0.16895044392914071,0
353,3021-VLNRJ,0.0619347014260614,0
354,1045-LTCYT,0.14310773246476646,0
355,7401-JIXNM,0.020375735464043577,0
356,2657-VPXTA,0.6007808793549123,1
357,5022-KVDQT,0.6215235831104496,1
358,2305-MRGLV,0.4613925856055669,0
359,3865-YIOTT,0.12940766261724648,0
360,9577-WJVCQ,0.2956862628514062,0
361,3847-BAERP,0.17697127251138647,0
362,4032-RMHCI,0.09042879218637112,0
363,7658-UYUQS,0.4328169623875971,0
364,9274-UARKJ,0.4423497106675272,0
365,0847-HGRML,0.015393688436257196,0
366,6078-VESFR,0.4789615074543807,0
367,4223-WOZCM,0.30663643940698815,0
368,0942-KOWSM,0.02178951713350923,0
369,7789-HKSBS,0.13058461835683546,0
370,9432-RUVSL,0.061240988027419466,0
371,3644-QXEHN,0.5779788408494831,1
372,4683-WYDOU,0.05511737954614474,0
373,0925-VYDLG,0.6378341238022913,1
374,2960-NKRSO,0.6087955975145284,1
375,2639-UGMAZ,0.13022041032797563,0
376,2898-LSJGD,0.13087663884149778,0
377,2884-GBPFB,0.6509488330012992,1
378,4659-NZRUF,0.5831877418097009,1
379,0867-LDTTC,0.1960548147934513,0
380,7781-EWARA,0.12519736894176972,0
381,4822-RVYBB,0.5677937163604984,1
382,9800-OUIGR,0.016216098079414484,0
383,3533-UVMOM,0.02435406821382743,0
384,8457-XIGKN,0.1451760736639084,0
385,2990-OGYTD,0.020509232765880174,0
386,5203-XEHAX,0.12021892474330939,0
387,8295-KMENE,0.03076473787492328,0
388,8720-RQSBJ,0.41453009442274324,0
389,9799-CAYJJ,0.6535714950242967,1
390,3717-OFRTN,0.13852858994078196,0
391,2868-MZAGQ,0.6270832575834921,1
392,8606-OEGQZ,0.015266871821411761,0
393,9065-ZCPQX,0.022275334173825424,0
394,4587-NUKOX,0.6274887671416411,1
395,8985-OOPOS,0.059754491408048956,0
396,7636-OWBPG,0.30392609179740204,0
397,5825-XJOCM,0.06317318238087798,0
398,4183-WCSEP,0.6292438970916081,1
399,5275-PMFUT,0.027480693689802133,0
400,1751-NCDLI,0.5727525337831118,1
401,6693-DJWTY,0.07296698345755509,0
402,4002-BQWPQ,0.18430443741384586,0
403,6954-OOYZZ,0.2582665026964407,0
404,9039-RBEEE,0.25820768311614617,0
405,5170-PTRKA,0.090049084574381,0
406,7346-MEDWM,0.6162052834107798,1
407,5233-GEEAX,0.4560015559621203,0
408,3511-APPBJ,0.14403025983457945,0
409,7143-BQIBA,0.22063413349178382,0
410,2967-MXRAV,0.051052210116495855,0
411,7473-ZBDSN,0.02103002250920044,0
412,0265-EDXBD,0.6387684727769737,1
413,1386-ZIKUV,0.18027936169536404,0
414,0420-BWTPW,0.3697760706931643,0
415,1009-IRMNA,0.1381839742899865,0
416,3938-YFPXD,0.02205565556733059,0
417,3727-OWVYD,0.08660916048152704,0
418,5937-EORGB,0.5793884145377145,1
419,2791-SFVEW,0.13797755061144296,0
420,0980-PVMRC,0.3954463237382138,0
421,3648-GZPHF,0.11231966580633501,0
422,9677-AVKED,0.09757111941531366,0
423,1576-PFZIW,0.05937359177108853,0
424,9462-MJUAW,0.3055312718004186,0
425,7511-YMXVQ,0.4106068324709961,0
426,7128-GGCNO,0.472184593912398,0
427,7492-TAFJD,0.04689104614394045,0
428,8901-UPRHR,0.05416176489821652,0
429,5044-XDPYX,0.019492860299345625,0
430,1010-DIAUQ,0.404820692406709,0
431,2691-NZETQ,0.6104466680939324,1
432,7586-ZATGZ,0.6116833136633948,1
433,1810-MVMAI,0.3502012342602292,0
434,7296-PIXQY,0.6512115140107209,1
435,9985-MWVIX,0.5555507374830347,1
436,7028-DVOIQ,0.5721865317836953,1
437,0420-TXVSG,0.027081801151764808,0
438,6953-PBDIN,0.02381057748759822,0
439,1090-ESELR,0.05639572964068043,0
440,8903-XEBGX,0.3832135333140512,0
441,9541-PWTWO,0.021752578606288587,0
442,1099-BTKWT,0.1329288158001441,0
443,8807-ARQET,0.42480852538370695,0
444,0673-IGUQO,0.17773042402205047,0
445,0709-TVGUR,0.6397017728805745,1
446,9269-CQOOL,0.2456790327526112,0
447,7798-JVXYM,0.3448264708834669,0
448,7524-VRLPL,0.024748231407027865,0
449,8752-IMQOS,0.050328874791116536,0
450,0048-LUMLS,0.15695835864770008,0
451,6410-LEFEN,0.4113065967833964,0
452,5149-TGWDZ,0.17016973208119016,0
453,5514-YQENT,0.10183844021397191,0
454,3063-QFSZL,0.38294026734151176,0
455,4458-KVRBJ,0.019603668489537658,0
456,6631-HMANX,0.02177065693312025,0
457,3069-SSVSN,0.1248799643519045,0
458,4366-CTOUZ,0.07927993539507289,0
459,4685-ERGHK,0.273186367938531,0
460,5756-OZRIO,0.06341311900357854,0
461,3845-JHAMY,0.28909500620461764,0
462,5935-FCCNB,0.5858554603558498,1
463,3468-DRVQJ,0.1131302633232194,0
464,3583-KRKMD,0.4632608952754215,0
465,2419-FSORS,0.10478397409362396,0
466,1357-BIJKI,0.24791650654463107,0
467,4480-QQRHC,0.46858386572884153,0
468,1589-AGTLK,0.41074675649313147,0
469,9631-XEYKE,0.24509355401773275,0
470,7503-ZGUZJ,0.513861769943328,1
471,3452-FLHYD,0.03728292509845231,0
472,5219-YIPTK,0.5569803886988614,1
473,5951-AOFIH,0.22147721932135994,0
474,3774-VBNXY,0.020699316612157525,0
475,8348-JLBUG,0.17436533149806668,0
476,0396-YCHWO,0.5824848935102325,1
477,5419-JKZNQ,0.5333283053560237,1
478,8808-ELEHO,0.6216595723325935,1
479,4950-HKQTE,0.019327798153621147,0
480,6933-FHBZC,0.09143740871837581,0
481,3165-HDOEW,0.3168072287880669,0
482,9097-ZUBYC,0.24853272755190586,0
483,1482-OXZSY,0.39400360445819604,0
484,8946-BFWSG,0.0195481874459729,0
485,4256-ZWTZI,0.30406119203343673,0
486,4393-OBCRR,0.050246040226953205,0
487,0074-HDKDG,0.06511660024634923,0
488,0468-YRPXN,0.41116999749257854,0
489,7010-ZMVBF,0.17773042402205047,0
490,5835-BEQEU,0.6332811303204757,1
491,9755-JHNMN,0.02534869869176151,0
492,8084-OIVBS,0.05038416966230446,0
493,4039-HEUNW,0.5793884145377145,1
494,3446-QDSZF,0.2439687841658055,0
495,9873-MNDKV,0.31981806074408636,0
496,6341-JVQGF,0.07001629292960271,0
497,8859-YSTWS,0.037700180759670035,0
498,1777-JYQPJ,0.3730154513140842,0
499,2688-BHGOG,0.6262717025504145,1
500,7032-LMBHI,0.06300231770395225,0
501,6005-OBZPH,0.5999486008406688,1
502,8311-UEUAB,0.04576761501818944,0
503,4959-JOSRX,0.2679582723203752,0
504,4927-WWOOZ,0.5935489464109334,1
505,5334-JLAXU,0.42438818905531794,0
506,6322-PJJDJ,0.12047834861238914,0
507,2682-KEVRP,0.05035651503947747,0
508,6905-NIQIN,0.30491825472954986,0
509,6685-XSHHU,0.015228078117576711,0
510,6993-YCOBK,0.10242161279247111,0
511,3887-PBQAO,0.037126958175663284,0
512,4697-LUPSU,0.05027363739144006,0
513,9465-RWMXL,0.6280291675653269,1
514,3981-QSVQI,0.13859759955797657,0
515,4451-RWASJ,0.05066150793718587,0
516,2256-YLYLP,0.02381057748759822,0
517,9701-CDXHR,0.5584039280876932,1
518,6664-FPDAC,0.21957107092834682,0
519,5351-QESIO,0.3732859193567236,0
520,3258-SANFR,0.26773151828630176,0
521,2968-SSGAA,0.5677937163604984,1
522,1421-HCERK,0.3794701893777592,0
523,7534-BFESC,0.6355606601472908,1
524,1357-MVDOZ,0.2258471122828898,0
525,9548-LERKT,0.020805055961843396,0
526,5244-IRFIH,0.5850135590631149,1
527,7982-VCELR,0.42241216822016825,0
528,5727-MYATE,0.020491457518532846,0
529,7401-RUBNK,0.6390352372341476,1
530,3999-QGRJH,0.6525235389016272,1
531,1853-UDXBW,0.6517366003795696,1
532,7434-SHXLS,0.17697127251138647,0
533,5934-RMPOV,0.6120952103437648,1
534,1488-SYSFC,0.2437387320279119,0
535,8065-YKXKD,0.6391685873115304,1
536,5442-PPTJY,0.020816837363227987,0
537,4236-UJPWO,0.47008783165666346,0
538,5245-VDBUR,0.11324527596444085,0
539,9796-MVYXX,0.04630032341771515,0
540,9507-HSMMZ,0.020746246778185422,0
541,5566-SOEZD,0.17378348004050406,0
542,1498-NHTLT,0.040410588598704604,0
543,9214-EKVXR,0.32145524100115686,0
544,1895-QTKDO,0.26943513787695855,0
545,6519-CFDBX,0.4106068324709961,0
546,0354-WYROK,0.572611051080134,1
547,1837-YQUCE,0.028066581823029874,0
548,4750-UKWJK,0.05060592491701846,0
549,7766-CLTIC,0.28027779012459897,0
550,9675-ICXCT,0.04316445771070427,0
551,2996-XAUVF,0.046121948004061136,0
552,0906-QVPMS,0.05074348237856673,0
553,7521-YXVZY,0.1785769168714421,0
554,7134-MJPDY,0.13994532414728478,0
555,6075-QMNRR,0.24648683191802273,0
556,0308-GIQJT,0.12986429078801695,0
557,4290-BSXUX,0.4524979907016833,0
558,4851-BQDNX,0.27745430512858654,0
559,7148-XZPHA,0.6266775692223064,1
560,8042-JVNFH,0.5521220835969461,1
561,8237-ULIXL,0.015345295188545771,0
562,9092-GDZKO,0.13780359049632165,0
563,6734-CKRSM,0.17849212580609647,0
564,5919-VCZYM,0.17840736625663886,0
565,4026-SKKHW,0.30589941314638186,0
566,3398-FSHON,0.5939673101684751,1
567,7459-IMVYU,0.34404319884351353,0
568,5921-NGYRH,0.5458235596085856,1
569,8679-LZBMD,0.15090011730398803,0
570,9229-RQABD,0.04834951968871229,0
571,9514-JDSKI,0.42523238498993743,0
572,7838-LAZFO,0.05400682082990312,0
573,6715-OFDBP,0.34378229622893036,0
574,7895-VONWT,0.4026557179223792,0
575,6328-ZPBGN,0.408587294721957,0
576,4631-OACRM,0.6266775692223064,1
577,8573-JGCZW,0.03782623000519497,0
578,5402-HTOTQ,0.3832135333140512,0
579,4962-CHQPW,0.05046721984349952,0
580,0851-DFJKB,0.3732883710849658,0
581,5478-JJVZK,0.28039443007542036,0
582,7470-DYNOE,0.1242506456126468,0
583,4139-JPIAM,0.2682986315661496,0
584,9396-ZSFLL,0.30934731509362834,0
585,8630-QSGXK,0.023213289788723696,0
586,2400-XIWIO,0.03893495987865097,0
587,9650-VBUOG,0.015310391518424131,0
588,3810-PJUHR,0.019526038142629123,0
589,5956-YHHRX,0.5571230437371415,1
590,8622-ZLFKO,0.595500139804733,1
591,9531-NSBMR,0.037994925591006354,0
592,9903-LYSAB,0.6434243677434406,1
593,2812-SFXMJ,0.17840736625663886,0
594,8778-LMWTJ,0.6389018657169206,1
595,2673-CXQEU,0.22245763759845757,0
596,6036-TTFYU,0.1791713370584967,0
597,2096-XOTMO,0.17959686912520634,0
598,7905-NJMXS,0.359199379243878,0
599,6141-OOXUQ,0.1790863252871237,0
600,1093-YSWCA,0.01629931675518103,0
601,4732-RRJZC,0.17806864314936546,0
602,4942-VZZOM,0.06513310438160144,0
603,0750-EBAIU,0.26331396617949954,0
604,4902-OHLSK,0.5733183453586538,1
605,6885-PKOAM,0.021696903583443377,0
606,7941-RCJOW,0.01629931675518103,0
607,9158-VCTQB,0.3582092749932672,0
608,9866-QEVEE,0.43437882526020904,0
609,3946-JEWRQ,0.15093485346874594,0
610,4628-CTTLA,0.427777830651542,0
611,4912-PIGUY,0.612506946891209,1
612,8465-SBRXP,0.06328408445598536,0
613,3913-FCUUW,0.02449181993928723,0
614,9170-ARBTB,0.0398207576216678,0
615,1400-MMYXY,0.5526964700776799,1
616,4727-MCYZG,0.2930443068405989,0
617,0376-YMCJC,0.5959178624667867,1
618,9057-SIHCH,0.5791066025706859,1
619,2038-LLMLM,0.5585490721213855,1
620,1930-QPBVZ,0.06314713434626763,0
621,6048-UWKAL,0.05934131140627472,0
622,1184-PJVDB,0.6251885234387184,1
623,6650-BWFRT,0.05219612758734886,0
624,7721-DVEKZ,0.1790863252871237,0
625,8191-XWSZG,0.050025778891001106,0
626,5619-PTMIK,0.389243787136763,0
627,8158-WPEZG,0.43813892285702816,0
628,9974-JFBHQ,0.4101905271891958,0
629,0870-VEMYL,0.24750500926560048,0
630,7399-QHBJS,0.026884471277194823,0
631,3654-ARMGP,0.020996436955109825,0
632,1468-DEFNC,0.014641273593318673,0
633,6818-WOBHJ,0.4241807514669254,0
634,5546-QUERU,0.05041183866618825,0
635,7717-BICXI,0.020617438751499486,0
636,4836-WNFNO,0.015319110101962284,0
637,5820-PTRYM,0.0635323349240841,0
638,1963-SVUCV,0.4108866949565992,0
639,4817-VYYWS,0.5689283960842222,1
640,4939-KYYPY,0.37193682286742696,0
641,9135-MGVPY,0.02804408990412837,0
642,2282-YGNOR,0.0711119255927012,0
643,8292-TYSPY,0.24503674343897364,0
644,7548-SEPYI,0.5800927177387492,1
645,8992-JQYUN,0.39682932436076707,0
646,6270-OMFIW,0.25630974416638436,0
647,6427-FEFIG,0.023522945580274793,0
648,8938-UMKPI,0.5512667246450638,1
649,0617-AQNWT,0.06194190376501471,0
650,0191-ZHSKZ,0.3316282633436226,0
651,6513-EECDB,0.6423625129150011,1
652,9734-YWGEX,0.412570461050698,0
653,3269-ATYWD,0.4071909796920692,0
654,8089-UZWLX,0.057294615648779926,0
655,1494-EJZDW,0.020711039402376105,0
656,4706-DGAHW,0.4111666151229007,0
657,5669-SRAIP,0.42721184059822404,0
658,1902-XBTFB,0.5992545942178165,1
659,7321-PKUYW,0.5971701944307268,1
660,1394-SUIUH,0.610996464775503,1
661,0531-ZZJWQ,0.6411662540852189,1
662,7067-KSAZT,0.23107361306259233,0
663,5172-RKOCB,0.05709100958240137,0
664,9847-HNVGP,0.05041183866618825,0
665,2180-DXNEG,0.5807966948851109,1
666,5133-POWUA,0.316932376499028,0
667,5995-SNNEW,0.5568377242612838,1
668,7225-IILWY,0.01943768664041507,0
669,6817-WTYHE,0.2570500964745129,0
670,0239-OXEXL,0.5150170998924085,1
671,4395-PZMSN,0.6098965904849973,1
672,7845-URHJN,0.13797755061144296,0
673,4724-WXVWF,0.5824848935102325,1
674,3026-ATZYV,0.05623477469234931,0
675,6581-NQCBA,0.39793691443334694,0
676,5515-RUGKN,0.24557190574171905,0
677,5628-RKIFK,0.403493711682169,0
678,2812-ENYMO,0.07379251111124263,0
679,9027-YFHQJ,0.13137578838208935,0
680,9225-BZLNZ,0.04108855043923177,0
681,3166-PNEOF,0.021525761288819077,0
682,8096-LOIST,0.3807568151310069,0
683,5606-AMZBO,0.4699472945836381,0
684,1442-OKRJE,0.13329943793264834,0
685,6689-TCZHQ,0.6278940974053943,1
686,7167-PCEYD,0.02079328108661464,0
687,3780-DDGSE,0.32830491703305426,0
688,2664-XJZNO,0.0596648562039863,0
689,8766-PAFNE,0.023390512526230405,0
690,5813-UECBU,0.4535679921211659,0
691,7252-NTGSS,0.31856170313488597,0
692,6015-VVHHE,0.45557480103015136,0
693,7103-ZGVNT,0.06001488172434785,0
694,1676-MQAOA,0.023239522577083768,0
695,9411-TPQQV,0.07025861589554347,0
696,4529-CKBCL,0.6245108985466737,1
697,1697-BCSHV,0.21172042122727186,0
698,4662-EKDPQ,0.22103205107349658,0
699,1855-CFULU,0.17840736625663886,0
700,3914-FDRHP,0.6079691247190556,1
701,5003-OKNNK,0.039490495142590745,0
702,3908-BLSYF,0.6144262513804452,1
703,2786-GCDPI,0.5554105679688076,1
704,7295-JOMMD,0.4003710752333084,0
705,9603-OAIHC,0.6516053632833778,1
706,2834-JKOOW,0.10166634966102518,0
707,8780-IXSTS,0.5973092645696396,1
708,4530-NDRKU,0.07422207595863567,0
709,1866-RZZQS,0.5740253398872787,1
710,3097-NQYSN,0.5075051377957018,1
711,0556-FJEGU,0.024588697803889677,0
712,7396-VJUZB,0.3183107471697015,0
713,1265-ZFOSD,0.029135812307434276,0
714,8548-AWOFC,0.36013143537635806,0
715,8663-UPDGF,0.2065568614968884,0
716,0940-OUQEC,0.4494918831372735,0
717,4716-MRVEN,0.05038416966230446,0
718,7989-AWGEH,0.4280608966775597,0
719,9728-FTTVZ,0.6538332519219675,1
720,1623-NLDOT,0.11547029670057095,0
721,9845-PEEKO,0.07868674331768266,0
722,8455-HIRAQ,0.32032133818011554,0
723,5919-TMRGD,0.6268128185126685,1
724,5318-YKDPV,0.023377309314456345,0
725,4475-NVTLU,0.03096773144974372,0
726,1112-CUNAO,0.5980043801468371,1
727,3266-FTKHB,0.020946864494480303,0
728,4208-UFFGW,0.31906393092746765,0
729,1766-GKNMI,0.6116833136633948,1
730,0206-TBWLC,0.1543072204851352,0
731,1098-TDVUQ,0.13921998489034978,0
732,3524-WQDSG,0.39704457028659257,0
733,6855-VLGOS,0.030502709900183576,0
734,7609-NRNCA,0.05063370920686935,0
735,6686-YPGHK,0.511406217243555,1
736,1360-JYXKQ,0.2460884870059728,0
737,6198-ZFIOJ,0.6368987318518634,1
738,6108-OQZDQ,0.5752971658573106,1
739,4521-YEEHE,0.6007808793549123,1
740,8972-HJWNV,0.6126441567310614,1
741,4115-BNPJY,0.03107656615368205,0
742,4013-GUXND,0.17713975258345013,0
743,2257-BOVXD,0.221078727768004,0
744,9881-VCZEP,0.38649843857391497,0
745,0485-ZBSLN,0.015362776386111191,0
746,4770-UEZOX,0.6391685873115304,1
747,3209-ZPKFI,0.3860872532056158,0
748,7168-HDQHG,0.13928928324443451,0
749,6308-CQRBU,0.10386559279272474,0
750,8878-HMWBV,0.4001552227568843,0
751,0082-LDZUE,0.3206990708906541,0
752,9142-KZXOP,0.4967949239215552,0
753,7905-TVXTA,0.358800251259719,0
754,1016-DJTSV,0.6525235389016272,1
755,1866-DIOQZ,0.061550583001052754,0
756,0259-GBZSH,0.6096214467253721,1
757,5977-CKHON,0.41587146018136195,0
758,2270-CHBFN,0.42156605793041646,0
759,9878-TNQGW,0.6224751053061525,1
760,0953-LGOVU,0.34325841130992035,0
761,6994-FGRHH,0.2312791257854229,0
762,3658-KIBGF,0.3843073338084403,0
763,2674-MLXMN,0.40879252034309654,0
764,0218-QNVAS,0.1368111641619626,0
765,9392-XBGTD,0.020605767826022907,0
766,9638-JIQYA,0.31492017438254016,0
767,0895-LNKRC,0.050689321114579244,0
768,0013-SMEOE,0.05386635227642607,0
769,1571-SAVHK,0.4696743142780136,0
770,7180-PISOG,0.6398350155023139,1
771,9360-AHGNL,0.1621605555168576,0
772,1154-HYWWO,0.0783882501306825,0
773,8544-GOQSH,0.46447856711495994,0
774,5089-IFSDP,0.05401386816025121,0
775,6928-ONTRW,0.016271530635779578,0
776,8887-IPQNC,0.32082503403652735,0
777,0947-IDHRQ,0.5264154116995364,1
778,7566-DSRLQ,0.10290095257112565,0
779,7188-CBBBA,0.25389278901263096,0
780,8580-AECUZ,0.6274887671416411,1
781,0585-EGDDA,0.6250530376083351,1
782,5296-PSYVW,0.02916424183369482,0
783,0135-NMXAP,0.42375716726760004,0
784,6710-HSJRD,0.5291557361103911,1
785,1729-VLAZJ,0.10779020385650362,0
786,7812-FZHPE,0.17164617922091877,0
787,5876-HZVZM,0.2431166895955453,0
788,5131-PONJI,0.43487163366821135,0
789,5726-CVNYA,0.020781512734086842,0
790,5863-OOKCL,0.18045030062923859,0
791,2982-IHMFT,0.5432425406619459,1
792,0595-ITUDF,0.5925722372299428,1
793,3957-LXOLK,0.5519817047819586,1
794,7668-XCFYV,0.5904768329497605,1
795,7593-JNWRU,0.2577131259821602,0
796,1396-QWFBJ,0.46858386572884153,0
797,3132-TVFDZ,0.4121467874941067,0
798,1839-FBNFR,0.01541999900394612,0
799,8705-WZCYL,0.4122868692058432,0
800,6963-EZQEE,0.02102021844223433,0
801,1904-WAJAA,0.051739702355739346,0
802,3727-JEZTU,0.17781493156784026,0
803,1187-WILMM,0.020818913120718974,0
804,1229-RCALF,0.2135875295163719,0
805,1270-XKUCC,0.020816837363227987,0
806,9236-NDUCW,0.04870649239235171,0
807,4465-VDKIQ,0.6309956205482483,1
808,8008-HAWED,0.3957227908281471,0
809,7450-NWRTR,0.5710539621876903,1
810,6732-VAILE,0.02164787047261525,0
811,5575-GNVDE,0.09057652729596653,0
812,9752-ZNQUT,0.40168269393242334,0
813,3454-JFUBC,0.016216098079414484,0
814,6407-UTSLV,0.44063901760386065,0
815,6656-JWRQX,0.3562745946793965,0
816,4999-IEZLT,0.09624937084352339,0
817,0907-HQNTS,0.05462174504082956,0
818,7590-VHVEG,0.45471109558444384,0
819,1060-ENTOF,0.13643396110007983,0
820,3457-PQBYH,0.016160851263926242,0
821,5619-XZZKR,0.05041183866618825,0
822,5555-RNPGT,0.13787229674882234,0
823,0780-XNZFN,0.01528018571839239,0
824,3374-LXDEV,0.5992545942178165,1
825,5133-VRSAB,0.35946315990878697,0
826,9388-ZEYVT,0.14719319030247402,0
827,9909-DFRJA,0.14335665936914382,0
828,8577-QSOCG,0.020699316612157525,0
829,2137-DQMEV,0.10283390162699152,0
830,4274-DRSQT,0.15351118925689933,0
831,2758-RNWXS,0.26793779502609827,0
832,5671-UUNXD,0.2427784832230614,0
833,0247-SLUJI,0.1790013450552853,0
834,9919-FZDED,0.022105591454762052,0
835,5840-NVDCG,0.02510700370970042,0
836,4521-WFJAI,0.014384943005511292,0
837,9860-LISIZ,0.17789947060201336,0
838,7734-DBOAI,0.4255150191788996,0
839,0057-QBUQH,0.02898471565886084,0
840,6298-QDFNH,0.6268128185126685,1
841,1757-TCATG,0.037658254099373824,0
842,6838-YAUVY,0.06314713434626763,0
843,2369-FEVNO,0.17866173945607788,0
844,1169-WCVAK,0.4394236933484954,0
845,8559-CIZFV,0.07281478401969183,0
846,9068-VPWQQ,0.024401766731061737,0
847,6543-XRMYR,0.5703457273233485,1
848,8722-PRFDV,0.02380344109539663,0
849,6233-HXJMX,0.4380000424571896,0
850,9668-PUGNU,0.02918061577604881,0
851,7074-IEVOJ,0.6266775692223064,1
852,3506-OVLKD,0.03516419359650884,0
853,3992-YWPKO,0.38048751339208625,0
854,3128-YOVTD,0.4539307031279269,0
855,7389-KBFIT,0.3570705551046848,0
856,4622-YNKIJ,0.12783203183344405,0
857,3778-FOAQW,0.05030124891063296,0
858,3146-JTQHR,0.037847277538193023,0
859,3945-GFWQL,0.41298749046108757,0
860,3987-KQDDU,0.6368987318518634,1
861,6243-OZGFH,0.41186666677997325,0
862,7817-BOQPW,0.6370324229047524,1
863,8388-FYNPZ,0.3792584781357308,0
864,4703-MQYKT,0.02084041975829221,0
865,3284-SVCRO,0.019492860299345625,0
866,8847-GEOOQ,0.2247371338380996,0
867,9581-GVBXT,0.11400222691307992,0
868,8350-NYMVI,0.26553056566364974,0
869,6352-TWCAU,0.607417798528361,1
870,8044-BGWPI,0.24267461151424105,0
871,5834-ASPWA,0.6372997414482722,1
872,5884-GCYMI,0.5576909843243067,1
873,7909-FIOIY,0.3715293005218352,0
874,7055-JCGNI,0.05525209024918558,0
875,1658-XUHBX,0.43956611367721,0
876,5590-BYNII,0.5673680273374351,1
877,6518-PPLMZ,0.02088766301448688,0
878,9824-BEMCV,0.6543564862793124,1
879,1813-JYWTO,0.07394160836284189,0
880,4350-ZTLPI,0.12574009879503525,0
881,9507-EXLTT,0.453357525242304,0
882,5766-XQXMQ,0.2077913703475921,0
883,0106-UGRDO,0.09682224405579812,0
884,4257-GAESD,0.26705198699512517,0
885,6683-VLCTZ,0.5736011792948471,1
886,0970-ETWGE,0.5988379988669361,1
887,8679-JOEVF,0.3720718879942162,0
888,4883-QICIH,0.48098177377451196,0
889,7156-MXBJE,0.052995888947127735,0
890,7216-EWTRS,0.567226108857249,1
891,3370-HXOPH,0.6355606601472908,1
892,8963-JLGJT,0.29220658870691074,0
893,1602-IJQQE,0.6375669751268374,1
894,3791-LGQCY,0.3933136102187342,0
895,4255-DDUOU,0.17764594796117014,0
896,3487-EARAT,0.059754491408048956,0
897,2903-YYTBW,0.41298749046108757,0
898,5688-KZTSN,0.24512680904086556,0
899,4282-YMKNA,0.6391685873115304,1
900,8942-DBMHZ,0.17773042402205047,0
901,8097-OMULG,0.0580559610673571,0
902,5701-ZIKJE,0.3051633787149571,0
903,3144-KMTWZ,0.41390657960875615,0
904,4808-YNLEU,0.06473051829300125,0
905,2232-DMLXU,0.29388342942082935,0
906,1934-SJVJK,0.17823794169173904,0
907,8197-BFWVU,0.018923338917723576,0
908,5126-RCXYW,0.03392717859580841,0
909,5996-DAOQL,0.17773042402205047,0
910,0030-FNXPP,0.17874659356339798,0
911,4510-PYUSH,0.24046693748929102,0
912,6322-HRPFA,0.23533092028880206,0
913,2057-ZBLPD,0.607279924121454,1
914,8329-GWVPJ,0.48098177377451196,0
915,3845-FXCYS,0.24587644262558958,0
916,9497-QCMMS,0.5876778538511852,1
917,1080-BWSYE,0.015206148782189335,0
918,5519-NPHVG,0.5858554603558498,1
919,5063-IUOKK,0.020805055961843396,0
920,8450-LUGUK,0.014691403215661111,0
921,7613-LLQFO,0.6129185227801417,1
922,3158-MOERK,0.5807966948851109,1
923,0979-PHULV,0.40935154742782565,0
924,5680-LQOGP,0.02252180024382561,0
925,8620-RJPZN,0.24363217781316185,0
926,4390-KYULV,0.14381816644061407,0
927,1608-GMEWB,0.41208449669877256,0
928,3635-JBPSG,0.04676202161659625,0
929,5542-NKVRU,0.015262797043411807,0
930,7037-MTYVW,0.020684171722713182,0
931,9992-UJOEL,0.3057766717985688,0
932,2987-BJXIK,0.02804408990412837,0
933,0516-QREYC,0.17798404112803579,0
934,7693-LCKZL,0.6246464626362818,1
935,6486-LHTMA,0.26454945931120627,0
936,3419-SNJJD,0.3806961961715532,0
937,3967-VQOGC,0.019625904089964508,0
938,5348-CAGXB,0.5988379988669361,1
939,6625-UTXEW,0.39434112537056965,0
940,2667-WYLWJ,0.05052265862417821,0
941,9819-FBNSV,0.4737698539294072,0
942,0519-XUZJU,0.5538370508539857,1
943,9821-BESNZ,0.23520811876563227,0
944,4986-MXSFP,0.17849212580609647,0
945,0191-EQUUH,0.03642864934793564,0
946,4660-IRIBM,0.5044703085554596,1
947,8095-WANWK,0.3183107471697015,0
948,9501-UKKNL,0.39309906826137825,0
949,9688-YGXVR,0.4412759274091444,0
950,1612-EOHDH,0.4113065967833964,0
951,5730-RIITO,0.29399088623100694,0
952,0208-BPQEJ,0.1390122632202363,0
953,1241-FPMOF,0.020828625294224867,0
954,1984-FCOWB,0.22446410025995947,0
955,7041-TXQJH,0.27805514953095256,0
956,4853-RULSV,0.06025140358875536,0
957,7253-UVNDW,0.030901144275315186,0
958,3536-IQCTX,0.6105841436502935,1
959,9943-VSZUV,0.5396539661640319,1
960,9089-UOWJG,0.23794180727968067,0
961,2452-KDRRH,0.4039112383515042,0
962,7598-UAASY,0.6347568084671618,1
963,5130-YPIRV,0.02534111326839764,0
964,8429-XIBUM,0.39138389772410387,0
965,5702-SKUOB,0.1791713370584967,0
966,3716-BDVDB,0.6540949157153615,1
967,8665-UTDHZ,0.4537078236925568,0
968,7841-FCRQD,0.07442724494785245,0
969,4903-UYAVB,0.17959686912520634,0
970,5129-HHMZC,0.021525761288819077,0
971,6458-CYIDZ,0.6231541871676554,1
972,9073-ZZIAY,0.04070304642941819,0
973,3404-JNXAX,0.6230184093885017,1
974,6121-VZNQB,0.18002319017873794,0
975,3672-YITQD,0.6138782387922161,1
976,6505-OZNPG,0.03559721123426746,0
977,0289-IVARM,0.3689704817633656,0
978,0164-XAIRP,0.01547275300335882,0
979,7284-BUYEC,0.2538030559891025,0
980,2516-XSJKX,0.04430077037846248,0
981,8138-EALND,0.1789163963596276,0
982,6288-LBEAR,0.5298732912295746,1
983,3858-VOBET,0.6386350584314439,1
984,8316-BBQAY,0.029019850775051877,0
985,8040-MNRTF,0.5528368063639207,1
986,8731-WBBMB,0.18404383053207193,0
987,3627-FCRDW,0.6491075051273021,1
988,7139-JZFVG,0.027396318745580128,0
989,8167-GJLRN,0.4531346937029681,0
990,7890-VYYWG,0.3407863660820854,0
991,9386-LDCZR,0.1578017162608475,0
992,4950-BDEUX,0.4000164574602727,0
993,3902-MIVLE,0.03102438314309289,0
994,1139-WUOAH,0.031249295917553325,0
995,5986-WWXDV,0.03795268407053657,0
996,4815-GBTCD,0.4682160070070729,0
997,3549-ZTMNH,0.014708150633372292,0
998,4884-LEVMQ,0.015315021598235687,0
999,5419-CONWX,0.40837340468417394,0
1000,8612-GXIDD,0.014475388843915546,0
1001,4412-YLTKF,0.630322286412424,1
1002,0559-CKHUS,0.02085222075888981,0
1003,2004-OCQXK,0.6197539910197503,1
1004,5707-ZMDJP,0.0331792538085504,0
1005,6904-JLBGY,0.052081838274438415,0
1006,3678-MNGZX,0.015402453711708694,0
1007,9838-BFCQT,0.0193607006001181,0
1008,1951-IEYXM,0.020537926303024846,0
1009,0895-DQHEW,0.557265689353214,1
1010,3439-GVUSX,0.37274506268627206,0
1011,6253-GNHWH,0.03266387071573397,0
1012,2346-DJQTB,0.4710960892554839,0
1013,5968-HYJRZ,0.019703923498327544,0
1014,3645-DEYGF,0.1772240398082692,0
1015,1346-UFHAX,0.4646223774243369,0
1016,3500-NSDOA,0.025686090895677065,0
1017,3733-UOCWF,0.15861257277851754,0
1018,4304-TSPVK,0.05088290604927524,0
1019,0128-MKWSG,0.316932376499028,0
1020,2361-FJWNO,0.08985976997480588,0
1021,3785-NRHYR,0.1790863252871237,0
1022,6419-ZTTLE,0.07288263420054657,0
1023,2831-EBWRN,0.40920839117050073,0
1024,4439-YRNVD,0.43643176957725216,0
1025,1150-FTQGN,0.14578761308275076,0
1026,0567-XRHCU,0.034712747322167364,0
1027,8659-HDIYE,0.2054663871804295,0
1028,1561-BWHIN,0.05049493203011872,0
1029,1657-DYMBM,0.01623455493058342,0
1030,3398-GCPMU,0.02078358504393594,0
1031,6849-OYAMU,0.13756393262838992,0
1032,5906-BFOZT,0.17934145523322226,0
1033,1237-WIYYZ,0.1792563803727503,0
1034,4385-GZQXV,0.5851539105634632,1
1035,2592-YKDIF,0.17789947060201336,0
1036,2974-GGUXS,0.43047226654614595,0
1037,2188-SXWVT,0.0924510654446683,0
1038,7989-CHGTL,0.1791713370584967,0
1039,2988-QRAJY,0.056410156797491146,0
1040,9399-APLBT,0.639301915931957,1
1041,9637-CDTKZ,0.053968654588424314,0
1042,7055-HNEOJ,0.29244579324000797,0
1043,2378-HTWFW,0.4331673963146572,0
1044,0164-APGRB,0.09794023064257919,0
1045,5499-ECUTN,0.06520354749098319,0
1046,9618-LFJRU,0.14396060487221624,0
1047,4139-SUGLD,0.2785813270087588,0
1048,3070-FNFZQ,0.015323742777366154,0
1049,2777-PHDEI,0.630322286412424,1
1050,2842-BCQGE,0.47801926598929856,0
1051,6901-GOGZG,0.041225443245114374,0
1052,2984-RGEYA,0.015437563969067243,0
1053,2530-ENDWQ,0.06411161664608656,0
1054,8671-KKKOS,0.4101871472639989,0
1055,8148-NLEGT,0.02969265318678944,0
1056,1897-OKVMW,0.02624321908863607,0
1057,4816-OKWNX,0.13296582294504544,0
1058,4182-BGSIQ,0.13845960916133793,0
1059,6376-GAHQE,0.6308609944299883,1
1060,8260-NGFNY,0.37058483004186604,0
1061,8229-TNIQA,0.31818530871428563,0
1062,2236-HILPA,0.016096630599633465,0
1063,0248-PGHBZ,0.06498433991937089,0
1064,0804-XBFBV,0.46807205686331255,0
1065,0369-ZGOVK,0.18341060848184462,0
1066,7901-HXJVA,0.6346227599853849,1
1067,2235-ZGKPT,0.30442833853143564,0
1068,3913-RDSJZ,0.019481813301622075,0
1069,9643-AVVWI,0.6250530376083351,1
1070,8149-AIQCG,0.48436980521909584,0
1071,8922-NPKBJ,0.02089949019583649,0
1072,4576-CSAJH,0.07331973406659155,0
1073,1121-QSIVB,0.07277576131363855,0
1074,3712-PKXZA,0.039402869673181753,0
1075,4707-YNOQA,0.037251165062096,0
1076,4361-FEBGN,0.016188451491682278,0
1077,0318-QUUOB,0.6235614044285621,1
1078,6576-FBXOJ,0.13266249581660247,0
1079,2479-BRAMR,0.44078152210771615,0
1080,3752-CQSJI,0.17773042402205047,0
1081,6345-FZOQH,0.020769750900806808,0
1082,7270-BDIOA,0.597587357885748,1
1083,8593-WHYHV,0.6105841436502935,1
1084,5372-FBKBN,0.1772240398082692,0
1085,4030-VPZBD,0.4517024154464361,0
1086,6772-KSATR,0.6204349829406923,1
1087,0068-FIGTF,0.07227021709498667,0
1088,6080-LNESI,0.019659303840270988,0
1089,1705-GUHPV,0.019782246801094513,0
1090,4227-OJHAL,0.060473122325413714,0
1091,0835-JKADZ,0.10173272564870152,0
1092,3785-KTYSH,0.019692759289179372,0
1093,9114-AAFQH,0.11863811720905044,0
1094,7605-SNLQG,0.25533901932004116,0
1095,3062-ICYZQ,0.5869772147771489,1
1096,7445-WMRBW,0.05700680520082366,0
1097,9530-GRMJG,0.04161568030729358,0
1098,1205-WNWPJ,0.28367234485869475,0
1099,8413-VONUO,0.5817817099537611,1
1100,6434-TTGJP,0.031127013167650423,0
1101,6728-DKUCO,0.23541618283775184,0
1102,2516-VQRRV,0.5403720221035125,1
1103,7315-WYOAW,0.5673680273374351,1
1104,7501-VTYLJ,0.3027171247377565,0
1105,2749-CTKAJ,0.05030124891063296,0
1106,5248-YGIJN,0.02061949504459045,0
1107,2178-PMGCJ,0.5568351381191791,1
1108,9314-IJWSQ,0.611957929216875,1
1109,4338-EYCER,0.23621963835139986,0
1110,7109-MFBYV,0.4104669229113391,0
1111,3318-NMQXL,0.5920137885360276,1
1112,0186-CAERR,0.116690728574234,0
1113,4860-IJUDE,0.4826372527579724,0
1114,3308-JSGML,0.027713415094431145,0
1115,9530-EHPOH,0.3874584999046392,0
1116,6305-YLBMM,0.1321017314317934,0
1117,3230-WYKIR,0.05482395581625278,0
1118,9945-PSVIP,0.02105384121872459,0
1119,7721-JXEAW,0.26564333361465514,0
1120,3727-RJMEO,0.6172985317919218,1
1121,2230-XTUWL,0.02085222075888981,0
1122,5084-OOVCJ,0.24428884063774164,0
1123,8270-RKSAP,0.6504231959699914,1
1124,8584-KMVXD,0.6368987318518634,1
1125,5842-POCOP,0.5015796854096363,1
1126,2805-AUFQN,0.01625303244192642,0
1127,7312-XSBAT,0.3984911024394262,0
1128,4983-CCWMC,0.5571204579357886,1
1129,0804-YGEQV,0.03585722043906726,0
1130,1709-EJDOX,0.020805055961843396,0
1131,2277-DJJDL,0.5723280500582676,1
1132,9470-XCCEM,0.42403954432444,0
1133,3224-DFQNQ,0.26839164621061373,0
1134,7517-LDMPS,0.612506946891209,1
1135,8668-KNZTI,0.13379748333334798,0
1136,8207-DMRVL,0.051078708360730925,0
1137,6275-YDUVO,0.509383578698476,1
1138,0550-DCXLH,0.25228459140447534,0
1139,4365-MSDYN,0.13880480150151142,0
1140,9863-JZAIC,0.2943635573165187,0
1141,7197-VOJMM,0.026153181137650278,0
1142,1084-UQCHV,0.48098177377451196,0
1143,9279-CJEOJ,0.40788895130956687,0
1144,0112-QWPNC,0.09782594795678756,0
1145,9095-HFAFX,0.46174732045996897,0
1146,8873-TMKGR,0.050884418430253896,0
1147,2862-PFNIK,0.46951179352067035,0
1148,7996-BPXHY,0.014541519353141708,0
1149,3399-BMLVW,0.028841187022607972,0
1150,9128-CPXKI,0.11925846720136993,0
1151,5828-DWPIL,0.6000873541369789,1
1152,7969-AULMZ,0.5769913814045209,1
1153,2603-HVKCG,0.5655222330049071,1
1154,0909-SDHNU,0.35826597524955484,0
1155,9170-CCKOU,0.43544005710854694,0
1156,4080-OGPJL,0.3409186142144088,0
1157,7623-TRNQN,0.3067593733740662,0
1158,6629-LADHQ,0.3041835464962963,0
1159,4652-ODEVH,0.019726270525685537,0
1160,9862-KJTYK,0.3137986628793132,0
1161,3934-HXCFZ,0.5716203407785274,1
1162,4419-UJMUS,0.11501383995040644,0
1163,7336-RLLRH,0.07024250308939511,0
1164,3649-JPUGY,0.019947802024588374,0
1165,6599-GZWCM,0.2246636266378138,0
1166,1564-HJUVY,0.2176661340507955,0
1167,9199-PWQVC,0.056218479933499356,0
1168,7606-BPHHN,0.01625303244192642,0
1169,4317-VTEOA,0.3957227908281471,0
1170,3061-BCKYI,0.17866173945607788,0
1171,7716-YTYHG,0.21011066423805042,0
1172,3352-RICWQ,0.020805055961843396,0
1173,0295-QVKPB,0.22640040357243266,0
1174,1764-VUUMT,0.016225323923872333,0
1175,5989-OMNJE,0.12872169869001207,0
1176,3247-MHJKM,0.17815327666945252,0
1177,9972-NKTFD,0.23611534495110423,0
1178,2359-KLTEK,0.40928600730626286,0
1179,9231-ZJYAM,0.6281642177310265,1
1180,4829-ZLJTK,0.10052398705608144,0
1181,1047-NNCBF,0.49188134071981804,0
1182,6465-GSRCL,0.12875770850903553,0
1183,8286-AFUYI,0.4034903491885012,0
1184,3092-IGHWF,0.2720399305702897,0
1185,0541-FITGH,0.27748733903127093,0
1186,2203-GHNWN,0.5282887655960761,1
1187,7954-MLBUN,0.06023605673006664,0
1188,2675-DHUTR,0.572611051080134,1
1189,7824-PANSQ,0.4496349492668863,0
1190,8805-JNRAZ,0.3084833282716265,0
1191,0390-DCFDQ,0.5546940567349677,1
1192,3923-CSIHK,0.6489758109067767,1
1193,9570-KYEUA,0.06343741508127694,0
1194,1075-BGWOH,0.573035463462423,1
1195,6490-FGZAT,0.17739270865312803,0
1196,1921-KYSAY,0.11511753544320687,0
1197,6732-FZUGP,0.15137994172432762,0
1198,1877-HKBQX,0.0928398680557828,0
1199,9822-WMWVG,0.5509806730824169,1
1200,0877-SDMBN,0.1322343580343552,0
1201,7672-VFMXZ,0.3821209138305378,0
1202,4926-UMJZD,0.3084833282716265,0
1203,4877-TSOFF,0.055837214648471606,0
1204,9391-TTOYH,0.17934145523322226,0
1205,6653-CBBOM,0.6509488330012992,1
1206,7551-DACSP,0.29364353699626,0
1207,0219-YTZUE,0.4377910118294735,0
1208,0929-PECLO,0.4241807514669254,0
1209,9506-UXUSK,0.6513428200830549,1
1210,7394-FKDNK,0.5991157450080368,1
1211,3797-FKOGQ,0.6081069133083488,1
1212,5600-PDUJF,0.2569914579428578,0
1213,6507-ZJSUR,0.5963354461639776,1
1214,5539-HIVAK,0.16903163494116458,0
1215,6848-YLDFR,0.05904386364473001,0
1216,4446-BZKHU,0.5536967750599863,1
1217,0447-BEMNG,0.2561677942862667,0
1218,3813-DHBBB,0.030497395420963844,0
1219,7742-MYPGI,0.3094708507975267,0
1220,2274-XUATA,0.02660653048626423,0
1221,6652-YFFJO,0.3573384576091407,0
1222,5012-YSPJJ,0.2959271249385799,0
1223,2931-SVLTV,0.3799425481125339,0
1224,6463-MVYRY,0.024658124875758556,0
1225,6435-SRWBJ,0.6175716590201836,1
1226,6906-ANDWJ,0.46613721490486487,0
1227,4625-XMOYM,0.014335843864244425,0
1228,8963-MQVYN,0.24395193518804334,0
1229,1891-QRQSA,0.05275758864575,0
1230,3090-LETTY,0.223229779147961,0
1231,1376-HHBDV,0.3094708507975267,0
1232,7771-ZONAT,0.028575690642661647,0
1233,0608-JDVEC,0.030760213913414693,0
1234,2925-MXLSX,0.06318922723992945,0
1235,6374-AFWOX,0.03471477052248532,0
1236,1125-SNVCK,0.3219598752758443,0
1237,6762-NSODU,0.016327149536096115,0
1238,3373-DIUUN,0.020454633104944324,0
1239,4102-HLENU,0.03471477052248532,0
1240,3346-BRMIS,0.4023776324982734,0
1241,4302-ZYFEL,0.039402869673181753,0
1242,5204-QZXPU,0.42678747300497477,0
1243,9588-OZDMQ,0.41172662782004227,0
1244,3714-XPXBW,0.19755990228726933,0
1245,5766-ZJYBB,0.17951169960613264,0
1246,0637-YLETY,0.42015689930803285,0
1247,1142-WACZW,0.2916600429461618,0
1248,2276-YDAVZ,0.47874059890515946,0
1249,4988-IQIGL,0.6375669751268374,1
1250,4083-EUGRJ,0.17806864314936546,0
1251,2805-EDJPQ,0.1443156034734098,0
1252,9402-ROUMJ,0.13722133449051396,0
1253,0431-APWVY,0.15171678132383992,0
1254,5944-UGLLK,0.0735163845749487,0
1255,5397-TUPSH,0.1824600376957011,0
1256,3551-HUAZH,0.640101436101785,1
1257,9774-NRNAU,0.17906144494822898,0
1258,9505-SQFSW,0.33085751119624907,0
1259,9817-APLHW,0.2345870331289585,0
1260,1513-XNPPH,0.5992545942178165,1
1261,3733-ZEECP,0.3947554487842045,0
1262,2697-NQBPF,0.5542681832593737,1
1263,3623-FQBOX,0.1785769168714421,0
1264,9805-FILKB,0.03759544810331195,0
1265,7228-PAQPD,0.07027632533254434,0
1266,0757-WCUUZ,0.027932348453422635,0
1267,4111-BNXIF,0.05453153041480631,0
1268,6198-RTPMF,0.590337021537703,1
1269,0930-EHUZA,0.07371764329237042,0
1270,7526-IVLYU,0.1790863252871237,0
1271,3452-GWUIN,0.5837497772531371,1
1272,8400-WZICQ,0.3821209138305378,0
1273,4254-QPEDE,0.02703613888024242,0
1274,1023-BQXZE,0.02343719301585111,0
1275,5161-XEUVX,0.08440483858054758,0
1276,4250-WAROZ,0.5885181518156095,1
1277,4423-YLHDV,0.3830161312254846,0
1278,9424-CMPOG,0.02084041975829221,0
1279,0742-MOABM,0.30639065393360776,0
1280,7706-DZNKK,0.14396060487221624,0
1281,2729-VNVAP,0.01625303244192642,0
1282,8404-GFGCZ,0.3554818286497619,0
1283,4335-UPJSI,0.020805055961843396,0
1284,4367-NHWMM,0.37139431586259924,0
1285,8630-FJLIB,0.6522613183675255,1
1286,8780-RSYYU,0.14575100081938233,0
1287,6899-PPEEA,0.5792475150100536,1
1288,0774-RMNUW,0.0276438821009029,0
1289,1965-DDBWU,0.4387117417900717,0
1290,3212-KXOCR,0.015219410542409497,0
1291,0409-WTMPL,0.1294382055595366,0
1292,0867-MKZVY,0.6185270185876933,1
1293,7814-LEEVE,0.1377713859999161,0
1294,7883-ROJOC,0.31918955360607637,0
1295,4825-FUREZ,0.0306054600108487,0
1296,5325-UWTWJ,0.4344454283594506,0
1297,3629-WEAAM,0.2729895401212487,0
1298,3345-PBBFH,0.24691660343963376,0
1299,3030-YDNRM,0.6389018657169206,1
1300,2722-JMONI,0.3990455506960019,0
1301,4690-LLKUA,0.41158660315316375,0
1302,4318-RAJVY,0.05049493203011872,0
1303,5371-VYLSX,0.6157950116033364,1
1304,7529-ZDFXI,0.5980043801468371,1
1305,0661-WCQNQ,0.07246021470156279,0
1306,7103-IPXPJ,0.24544547554910381,0
1307,3640-PHQXK,0.5978653884489812,1
1308,9101-NTIXF,0.17951169960613264,0
1309,2475-MROZF,0.4218480437830628,0
1310,8414-MYSHR,0.5936884161118632,1
1311,6087-YPWHO,0.033759016133564954,0
1312,2495-TTHBQ,0.05016333479591393,0
1313,8982-NHAVY,0.1368794541631396,0
1314,3280-MRDOF,0.026182647173631852,0
1315,2209-XADXF,0.30276919893629944,0
1316,3569-EDBPQ,0.6131928171922241,1
1317,7654-YWJUF,0.16062894976302952,0
1318,2542-HYGIQ,0.1446745579450106,0
1319,6094-ZIVKX,0.07387157955392006,0
1320,3508-VLHCZ,0.020549559609886577,0
1321,2115-BFTIW,0.5532655354265961,1
1322,1925-TIBLE,0.607279924121454,1
1323,7319-ZNRTR,0.07378626782288478,0
1324,0224-RLWWD,0.41368846425968464,0
1325,4588-YBNIB,0.1791713370584967,0
1326,2223-GDSHL,0.05024454581533935,0
1327,6910-HADCM,0.6348908360633201,1
1328,0921-OHLVP,0.616752055189592,1
1329,8819-WFGGJ,0.02943867900270476,0
1330,3106-ULWFW,0.44970203176775597,0
1331,9018-PCIOK,0.03506518746218495,0
1332,6211-WWLTF,0.06312897061929229,0
1333,2684-EIWEO,0.4311811186454553,0
1334,8450-UYIBU,0.42622181727893127,0
1335,6791-YBNAK,0.31330090968670926,0
1336,3254-YRILK,0.6025821479897222,1
1337,4698-KVLLG,0.01629004953450132,0
1338,7608-RGIRO,0.01973745335049878,0
1339,8547-NSBBO,0.478899943907174,0
1340,7241-AJHFS,0.42969726864395674,0
1341,7995-ZHHNZ,0.0725768725748191,0
1342,4710-NKCAW,0.22549037357996463,0
1343,6542-LWGXJ,0.37112440677684333,0
1344,1626-ERCMM,0.584873193765433,1
1345,9208-OLGAQ,0.6115459792758137,1
1346,4369-NYSCF,0.055837214648471606,0
1347,2722-VOJQL,0.13609373303869748,0
1348,3682-YEUWS,0.17115352180514504,0
1349,5018-HEKFO,0.17098955219829,0
1350,0810-BDHAW,0.10406817910439428,0
1351,3803-KMQFW,0.17756150338171747,0
1352,1455-UGQVH,0.5737425782226646,1
1353,7601-DHFWZ,0.015494511695355725,0
1354,3719-TDVQB,0.020994343877041143,0
1355,1042-HFUCW,0.07363460784814667,0
1356,7786-WBJYI,0.4573722831359308,0
1357,3023-GFLBR,0.4469851503329338,0
1358,7711-GQBZC,0.01459131248889151,0
1359,2091-MJTFX,0.2532559775240458,0
1360,4847-QNOKA,0.2570500964745129,0
1361,8220-OCUFY,0.12532406469685342,0
1362,2379-ENZGV,0.6118206303169186,1
1363,5759-RCVCB,0.2898084493923893,0
1364,0221-WMXNQ,0.6375669751268374,1
1365,9600-UDOPK,0.4245294267227995,0
1366,5148-ORICT,0.03149709935458682,0
1367,6235-VDHOM,0.4587277812579994,0
1368,2674-MIAHT,0.5264154116995364,1
1369,3129-AAQOU,0.019470772440134055,0
1370,0013-MHZWF,0.2155538169842433,0
1371,5887-IKKYO,0.06366212646367357,0
1372,9732-EQMWY,0.5711955743438221,1
1373,8337-MSSXB,0.6078313189265916,1
1374,0602-DDUML,0.03316071277477812,0
1375,8868-WOZGU,0.5532681256875938,1
1376,3197-NNYNB,0.05953524050137553,0
1377,4508-OEBEY,0.058851434991501105,0
1378,8397-MVTAZ,0.5693537151310673,1
1379,8966-SNIZF,0.015490377115282212,0
1380,6508-NJYRO,0.051052210116495855,0
1381,5062-CJJKH,0.09376916184102796,0
1382,7663-RGWBC,0.3210770386142192,0
1383,3195-TQDZX,0.2445923022396003,0
1384,5649-ANRML,0.42156605793041646,0
1385,8033-ATFAS,0.282850698962332,0
1386,9770-KXGQU,0.1801066227866948,0
1387,0623-IIHUG,0.42043522352478385,0
1388,4598-ZADCK,0.13399862546221372,0
1389,3108-PCCGG,0.02201827602603161,0
1390,6769-DYBQN,0.6114086271736966,1
1391,1337-BOZWO,0.08049776888106606,0
1392,7925-PNRGI,0.2353417855604372,0
1393,1768-HNVGJ,0.34378229622893036,0
1394,2823-LKABH,0.40886673560213344,0
1395,7233-IOQNP,0.28184634767650785,0
1396,2731-GJRDG,0.12497941135314741,0
1397,4441-NIHPT,0.6403677703957388,1
1398,3882-IYOIJ,0.05329375532332366,0
1399,8563-IIOXK,0.1392492352597155,0
1400,1217-VASWC,0.1368111641619626,0
1401,6447-EGDIV,0.04986118348577545,0
1402,9361-YNQWJ,0.03587721321485587,0
1403,4393-RYCRE,0.23148476626198763,0
1404,1597-FZREH,0.327413083259859,0
1405,9117-SHLZX,0.3171827513907035,0
1406,8441-SHIPE,0.014442434799080727,0
1407,3511-BFTJW,0.03688738642604811,0
1408,1428-GTBJJ,0.6397017728805745,1
